cameraMatrix:
- - 2978.699419629751
  - 0.0
  - 2015.6304025315549
- - 0.0
  - 2995.5367832388665
  - 1482.9468993993069
- - 0.0
  - 0.0
  - 1.0
cx: 2015.6304025315549
cy: 1482.9468993993069
distCoeffs:
- - -0.0009362481586864715
  - -0.015926505750098227
  - -0.007645898360875946
  - -4.019962840275074e-06
  - 0.1499940079620057
fx: 2978.699419629751
fy: 2995.5367832388665
